1	Попов Алексей	205	10998	107	3440	36	4570	47	1330	15	1658	9	10998 (79%)	107
2	Гринев Тимофей	205	9919	99	2390	27	4260	46	1170	15	2099	11	9919 (71%)	99
3	Журихин Юрий	206	9699	95	2019	23	4370	47	1350	15	1960	10	9699 (70%)	95
4	Николаев Антон	202	9609	98	2210	26	4190	47	1280	15	1929	10	9609 (69%)	98
5	Яковенко Александр	204	9468	93	2168	23	4490	47	1300	15	1510	8	9468 (68%)	93
6	Авагян Давид	201	9429	93	2150	24	4320	46	1260	14	1699	9	9429 (68%)	93
7	Бакланова Анастасия	201	9389	92	2119	23	4510	47	1380	15	1380	7	9389 (68%)	92
8	Раенчук Максим	202	9379	91	2539	28	3960	41	1290	14	1590	8	9379 (67%)	91
9	Сотников Дмитрий	203	9247	87	2368	25	3640	39	1110	12	2129	11	9247 (67%)	87
10	Мамаев Павел	201	9220	91	1900	22	4440	46	1370	15	1510	8	9220 (66%)	91
11	Сульженко Родион	204	9210	91	2280	24	4440	47	1150	13	1340	7	9210 (66%)	91
12	Джиджоев Владислав	206	9180	91	1520	18	4440	48	1100	14	2120	11	9180 (66%)	91
13	Малыгин Даниил	202	9179	93	2119	24	4390	47	1320	15	1350	7	9179 (66%)	93
14	Карпикова Полина	203	9158	90	1969	21	4550	47	1250	15	1389	7	9158 (66%)	90
15	Вахрушев Вадим	204	9100	90	2270	24	4520	47	1120	13	1190	6	9100 (65%)	90
16	Логинов Борис	202	9077	95	2237	27	4530	48	1360	15	950	5	9077 (65%)	95
17	Швец Павел	206	9030	94	1960	24	4400	47	1160	15	1510	8	9030 (65%)	94
18	Шарипов Саит	206	8960	91	2100	24	4030	44	1350	15	1480	8	8960 (64%)	91
19	Барышев Артем	206	8919	92	1800	21	4170	47	1300	15	1649	9	8919 (64%)	92
20	Поляков Артем	201	8888	88	1909	21	4190	46	1040	12	1749	9	8888 (64%)	88
21	Сингх Сурадж	205	8869	86	2590	28	3480	36	1110	13	1689	9	8869 (64%)	86
22	Москаленко Андрей	204	8729	87	1690	18	4450	47	1260	15	1329	7	8729 (63%)	87
23	Никифоров Никита	203	8717	86	2257	24	3770	41	1020	12	1670	9	8717 (63%)	86
24	Шаповалов Роман	203	8688	87	2178	23	3850	44	1090	12	1570	8	8688 (63%)	87
25	Клепиков Дмитрий	202	8650	88	1880	23	3800	41	1280	15	1690	9	8650 (62%)	88
26	Макеев Виталий	201	8579	88	1560	18	4060	46	1200	14	1759	10	8579 (62%)	88
27	Федоров Илья	203	8551	88	1501	18	4180	46	1200	15	1670	9	8551 (62%)	88
28	Травникова Арина	203	8519	89	2030	23	4000	45	1240	14	1249	7	8519 (61%)	89
29	Белов Александр	205	8480	85	2330	25	3990	42	1020	12	1140	6	8480 (61%)	85
30	Соловьёв Александр	205	8389	86	1660	20	4170	44	1090	14	1469	8	8389 (60%)	86
31	Мамедов Тимур	204	8350	85	1620	17	4470	48	1290	15	970	5	8350 (60%)	85
32	Кондратьев Алексей	204	8319	86	1949	21	4280	46	1090	14	1000	5	8319 (60%)	86
33	Трошков Артем	201	8196	83	1657	20	3320	38	1120	14	2099	11	8196 (59%)	83
34	Макаров Сергей	206	8189	86	1520	17	4010	47	980	13	1679	9	8189 (59%)	86
35	Лешонков Артемий	206	8096	81	1700	19	3590	40	1290	14	1516	8	8096 (58%)	81
36	Чибисов Дмитрий	203	8056	83	1427	16	4230	46	1270	15	1129	6	8056 (58%)	83
37	Красильников Максим	201	7900	80	1450	18	3500	39	1040	13	1910	10	7900 (57%)	80
38	Удовиченко Игорь	203	7899	81	1679	20	3990	43	1060	12	1170	6	7899 (57%)	81
39	Локшин Никита	204	7837	84	1148	15	4090	46	1080	15	1519	8	7837 (56%)	84
40	Немешаева Алиса	203	7764	87	1454	19	4080	48	970	13	1260	7	7764 (56%)	87
41	Куркин Максим	205	7740	85	1610	20	3950	45	1210	14	970	6	7740 (56%)	85
42	Шарыпов Руслан	204	7720	81	1160	13	3770	44	1110	15	1680	9	7720 (56%)	81
43	Рубцова Татьяна	201	7689	77	1490	16	3870	42	1160	13	1169	6	7689 (55%)	77
44	Яндутов Алексей	204	7657	76	1498	16	4100	43	1080	12	979	5	7657 (55%)	76
45	Зингеренко Михаил	205	7520	81	1830	20	3700	43	1050	13	940	5	7520 (54%)	81
46	Морквин Андрей	201	7437	77	1258	15	3670	42	960	12	1549	8	7437 (54%)	77
47	Кот Владислав	202	7418	79	1478	17	4010	44	960	12	970	6	7418 (53%)	79
48	Дубинин Владимир	204	7359	76	1430	16	4130	44	1040	12	759	4	7359 (53%)	76
49	Шер Артём	202	7358	74	1699	18	3550	38	1120	13	989	5	7358 (53%)	74
50	Кукушкин Денис	203	7338	73	1810	20	3270	35	910	11	1348	7	7338 (53%)	73
51	Рылов Степан	201	7329	81	1229	14	4050	47	1110	15	940	5	7329 (53%)	81
52	Веселов Арсений	205	7299	79	1550	18	3640	41	1190	15	919	5	7299 (53%)	79
53	Дугин Андрей	202	7289	78	1369	17	3700	42	1100	13	1120	6	7289 (53%)	78
54	Малышев Кирилл	206	7289	74	1409	16	3220	36	1270	15	1390	7	7289 (53%)	74
55	Широков Арсений	206	7270	77	1300	14	4050	46	1130	13	790	4	7270 (52%)	77
56	Кацан Анна	205	7259	76	1559	18	3500	39	1070	13	1130	6	7259 (52%)	76
57	Бетрозова Берта	201	7257	73	1737	19	3690	39	910	10	920	5	7257 (52%)	73
58	Лысенко Илья	202	7176	80	1696	20	3980	44	970	13	530	3	7176 (52%)	80
59	Корнеева Александра	203	7156	80	1247	15	3890	47	980	12	1039	6	7156 (52%)	80
60	Медведев Иван	206	7129	78	1180	15	3730	44	940	12	1279	7	7129 (51%)	78
61	Князев Андрей	204	7126	75	1636	19	3690	40	960	11	840	5	7126 (51%)	75
62	Чайчиц Даниил	202	7109	78	1260	16	3600	42	1120	14	1129	6	7109 (51%)	78
63	Чижиков Алексей	205	7109	74	1520	17	3540	39	1000	12	1049	6	7109 (51%)	74
64	Максимова Анастасия	202	7049	72	990	12	3720	41	1210	13	1129	6	7049 (51%)	72
65	Рябинин Михаил	203	7024	74	1325	15	3900	43	810	11	989	5	7024 (51%)	74
66	Куковкина Марина	205	7000	75	1490	17	3500	40	1220	14	790	4	7000 (50%)	75
67	Соловьев Глеб	201	6940	68	1470	15	3370	37	800	9	1300	7	6940 (50%)	68
68	Мик Дмитрий	202	6927	69	1769	20	3310	34	790	9	1058	6	6927 (50%)	69
69	Сопова Анна	205	6749	72	1389	16	3370	38	930	12	1060	6	6749 (49%)	72
70	Назаров Дмитрий	201	6720	69	960	11	3390	39	890	11	1480	8	6720 (48%)	69
71	Хайбулаев Глеб	203	6718	74	1168	14	3430	43	930	11	1190	6	6718 (48%)	74
72	Галикеева Анна	203	6716	70	786	9	3920	44	1030	12	980	5	6716 (48%)	70
73	Серенко Ирина	202	6699	71	1610	18	3550	38	970	12	569	3	6699 (48%)	71
74	Радаева Вера	205	6633	70	1610	18	3510	37	940	12	573	3	6633 (48%)	70
75	Коломейцева Катерина	202	6558	73	1510	17	3590	41	900	12	558	3	6558 (47%)	73
76	Мартын Илья	204	6539	64	1670	18	3100	32	790	9	979	5	6539 (47%)	64
77	Задорин Егор	204	6535	68	1529	18	3380	36	710	9	916	5	6535 (47%)	68
78	Козлов Александр	201	6499	66	1249	14	2840	33	900	11	1510	8	6499 (47%)	66
79	Аникевич Юлия	202	6489	68	1170	15	3190	35	1050	12	1079	6	6489 (47%)	68
80	Великанов Максим	206	6487	72	1477	17	3310	38	930	13	770	4	6487 (47%)	72
81	Чижов Пётр	205	6469	67	1580	17	2790	34	950	10	1149	6	6469 (47%)	67
82	Бартель Артем	204	6455	63	1555	17	2880	31	860	9	1160	6	6455 (47%)	63
83	Вахрушина Екатерина	202	6309	67	1230	14	3230	37	1050	12	799	4	6309 (46%)	67
84	Шульгин Евгений	206	6300	59	820	10	2420	27	730	10	2330	12	6300 (45%)	59
85	Серебрякова Софья	203	6285	66	1246	14	3480	39	820	9	739	4	6285 (45%)	66
86	Ларионов Александр	205	6088	70	1449	18	3210	36	880	13	549	3	6088 (44%)	70
87	Шастун Екатерина	204	6076	62	898	10	3180	36	710	9	1288	7	6076 (44%)	62
88	Петрусова Екатерина	203	6068	64	1028	12	3080	36	850	10	1110	6	6068 (44%)	64
89	Платонова Ольга	202	6019	64	1359	15	3240	36	870	10	550	3	6019 (43%)	64
90	Абдрахманов Артур	201	5978	58	1450	16	2670	27	930	10	928	5	5978 (43%)	58
91	Иванова Василиса	205	5929	65	1210	13	3010	36	920	12	789	4	5929 (43%)	65
92	Авазова Ксения	202	5789	61	1130	13	3270	35	820	10	569	3	5789 (42%)	61
93	Костин Родион	202	5749	66	1140	15	2750	36	610	8	1249	7	5749 (42%)	66
94	Устюжанинов Илья	206	5738	63	830	9	2750	35	1170	14	988	5	5738 (41%)	63
95	Яшин Кирилл	205	5689	65	1529	17	2160	30	730	11	1270	7	5689 (41%)	65
96	Ахапкина Варвара	204	5638	57	858	9	3180	35	810	9	790	4	5638 (41%)	57
97	Голубева Юлия	204	5609	62	849	9	3490	39	920	12	350	2	5609 (41%)	62
98	Сабирьянов Артур	203	5587	60	900	11	3330	37	690	8	667	4	5587 (40%)	60
99	Клещенок Виктор	203	5498	55	738	8	3080	33	890	10	790	4	5498 (40%)	55
100	Сомкина Евгения	206	5429	59	769	9	2610	32	1130	13	920	5	5429 (39%)	59
101	Синяков Анатолий	205	5307	55	1058	13	2570	29	730	8	949	5	5307 (38%)	55
102	Сушко Никита	203	5117	61	747	10	3260	38	810	11	300	2	5117 (37%)	61
103	Меркушев Александр	206	5049	53	1020	11	2780	31	700	8	549	3	5049 (37%)	53
104	Гаврилов Олег	201	5048	66	700	8	2550	39	780	13	1018	6	5048 (37%)	66
105	Бразукевич Светлана	205	5000	61	1060	13	2510	32	790	12	640	4	5000 (36%)	61
106	Гилуть Андрей	204	4869	49	1289	16	2010	21	610	7	960	5	4869 (35%)	49
107	Свирский Фёдор	205	4750	46	1210	14	1680	18	570	7	1290	7	4750 (34%)	46
108	Титова Александра	201	4738	55	600	7	2920	37	630	8	588	3	4738 (34%)	55
109	Бондарев Иван	201	4720	51	390	5	2290	28	870	12	1170	6	4720 (34%)	51
110	Вострикова Ульяна	204	4720	50	770	8	2630	30	740	9	580	3	4720 (34%)	50
111	Евдокимова Екатерина	202	4610	53	940	11	2400	28	550	10	720	4	4610 (33%)	53
112	Свирский Пётр	205	4599	44	1140	12	1610	18	560	7	1289	7	4599 (33%)	44
113	Безенов Данил	206	4573	51	240	3	2850	33	990	12	493	3	4573 (33%)	51
114	Парыгин Артем	201	4458	52	879	12	2010	27	480	7	1089	6	4458 (32%)	52
115	Кушхов Сальбий	204	4419	44	1239	14	1890	19	710	8	580	3	4419 (32%)	44
116	Немцов Дмитрий	205	4392	51	1080	14	2180	25	620	9	512	3	4392 (32%)	51
117	Иванов Дмитрий	206	4378	44	669	7	1890	21	670	10	1149	6	4378 (32%)	44
118	Романова Юлия	201	4358	54	268	3	2770	38	930	11	390	2	4358 (32%)	54
119	Агуленко Сергей	201	3920	40	410	6	1610	21	240	4	1660	9	3920 (28%)	40
120	Арутюнов Эдгар	206	3246	51	0	0	2270	35	610	14	366	2	3246 (24%)	51
121	Волков Андрей	206	3148	49	0	0	2180	34	580	13	388	2	3148 (23%)	49
122	Каплин Андрей	205	2730	32	430	5	1410	19	300	5	590	3	2730 (20%)	32
123	Шнейдер Ярослав	204	1900	18	270	3	970	11	100	1	560	3	1900 (14%)	18
124	Мазитов Мурад	206	1870	21	450	5	880	11	190	3	350	2	1870 (14%)	21
125	Зотов Станислав	201	590	6	190	2	300	3	100	1	0	0	590 (5%)	6
126	Мозговых Василий	204	320	5	0	0	120	2	200	3	0	0	320 (3%)	5
127	Доржинов Цецен	204	200	2	100	1	100	1	0	0	0	0	200 (2%)	2
128-132	Лыфенко Никита	201	0	0	0	0	0	0	0	0	0	0	0 (0%)	0
128-132	Безотосный Виктор	202	0	0	0	0	0	0	0	0	0	0	0 (0%)	0
128-132	Кошовец Федор	203	0	0	0	0	0	0	0	0	0	0	0 (0%)	0
128-132	Суворова Юлия	203	0	0	0	0	0	0	0	0	0	0	0 (0%)	0
128-132	Сорокин Даниил	206	0	0	0	0	0	0	0	0	0	0	0 (0%)	0 
