0.000000, 10.000000,
0.010000, 9.900500,
0.020000, 9.801987,
0.030000, 9.704451,
0.040000, 9.607879,
0.050000, 9.512260,
0.060000, 9.417583,
0.070000, 9.323836,
0.080000, 9.231007,
0.090000, 9.139086,
0.100000, 9.048062,
0.110000, 8.957924,
0.120000, 8.868661,
0.130000, 8.780262,
0.140000, 8.692717,
0.150000, 8.606015,
0.160000, 8.520146,
0.170000, 8.435099,
0.180000, 8.350865,
0.190000, 8.267433,
0.200000, 8.184793,
0.210000, 8.102936,
0.220000, 8.021851,
0.230000, 7.941530,
0.240000, 7.861962,
0.250000, 7.783138,
0.260000, 7.705048,
0.270000, 7.627684,
0.280000, 7.551035,
0.290000, 7.475094,
0.300000, 7.399850,
0.310000, 7.325296,
0.320000, 7.251422,
0.330000, 7.178218,
0.340000, 7.105678,
0.350000, 7.033792,
0.360000, 6.962551,
0.370000, 6.891948,
0.380000, 6.821973,
0.390000, 6.752619,
0.400000, 6.683878,
0.410000, 6.615741,
0.420000, 6.548200,
0.430000, 6.481248,
0.440000, 6.414876,
0.450000, 6.349077,
0.460000, 6.283844,
0.470000, 6.219168,
0.480000, 6.155041,
0.490000, 6.091458,
0.500000, 6.028409,
0.510000, 5.965889,
0.520000, 5.903888,
0.530000, 5.842402,
0.540000, 5.781421,
0.550000, 5.720940,
0.560000, 5.660952,
0.570000, 5.601448,
0.580000, 5.542424,
0.590000, 5.483871,
0.600000, 5.425783,
0.610000, 5.368154,
0.620000, 5.310977,
0.630000, 5.254246,
0.640000, 5.197953,
0.650000, 5.142094,
0.660000, 5.086660,
0.670000, 5.031647,
0.680000, 4.977049,
0.690000, 4.922858,
0.700000, 4.869068,
0.710000, 4.815675,
0.720000, 4.762672,
0.730000, 4.710053,
0.740000, 4.657812,
0.750000, 4.605944,
0.760000, 4.554442,
0.770000, 4.503302,
0.780000, 4.452517,
0.790000, 4.402082,
0.800000, 4.351992,
0.810000, 4.302242,
0.820000, 4.252825,
0.830000, 4.203736,
0.840000, 4.154971,
0.850000, 4.106524,
0.860000, 4.058389,
0.870000, 4.010563,
0.880000, 3.963039,
0.890000, 3.915813,
0.900000, 3.868880,
0.910000, 3.822234,
0.920000, 3.775872,
0.930000, 3.729788,
0.940000, 3.683977,
0.950000, 3.638435,
0.960000, 3.593158,
0.970000, 3.548139,
0.980000, 3.503376,
0.990000, 3.458863,
1.000000, 3.414596,
1.010000, 3.370570,
1.020000, 3.326781,
1.030000, 3.283225,
1.040000, 3.239898,
1.050000, 3.196794,
1.060000, 3.153911,
1.070000, 3.111243,
1.080000, 3.068787,
1.090000, 3.026538,
1.100000, 2.984493,
1.110000, 2.942648,
1.120000, 2.900997,
1.130000, 2.859539,
1.140000, 2.818268,
1.150000, 2.777180,
1.160000, 2.736273,
1.170000, 2.695542,
1.180000, 2.654983,
1.190000, 2.614593,
1.200000, 2.574368,
1.210000, 2.534305,
1.220000, 2.494399,
1.230000, 2.454648,
1.240000, 2.415047,
1.250000, 2.375594,
1.260000, 2.336284,
1.270000, 2.297115,
1.280000, 2.258083,
1.290000, 2.219185,
1.300000, 2.180416,
1.310000, 2.141775,
1.320000, 2.103258,
1.330000, 2.064861,
1.340000, 2.026582,
1.350000, 1.988416,
1.360000, 1.950362,
1.370000, 1.912416,
1.380000, 1.874575,
1.390000, 1.836836,
1.400000, 1.799195,
1.410000, 1.761651,
1.420000, 1.724199,
1.430000, 1.686838,
1.440000, 1.649564,
1.450000, 1.612374,
1.460000, 1.575265,
1.470000, 1.538235,
1.480000, 1.501281,
1.490000, 1.464401,
1.500000, 1.427590,
1.510000, 1.390848,
1.520000, 1.354170,
1.530000, 1.317555,
1.540000, 1.281000,
1.550000, 1.244502,
1.560000, 1.208059,
1.570000, 1.171668,
1.580000, 1.135327,
1.590000, 1.099033,
1.600000, 1.062783,
1.610000, 1.026576,
1.620000, 0.990409,
1.630000, 0.954279,
1.640000, 0.918184,
1.650000, 0.882122,
1.660000, 0.846091,
1.670000, 0.810087,
1.680000, 0.774110,
1.690000, 0.738156,
1.700000, 0.702224,
1.710000, 0.666311,
1.720000, 0.630415,
1.730000, 0.594533,
1.740000, 0.558665,
1.750000, 0.522807,
1.760000, 0.486958,
1.770000, 0.451115,
1.780000, 0.415276,
1.790000, 0.379440,
1.800000, 0.343605,
1.810000, 0.307767,
1.820000, 0.271926,
1.830000, 0.236080,
1.840000, 0.200226,
1.850000, 0.164362,
1.860000, 0.128487,
1.870000, 0.092600,
1.880000, 0.056696,
1.890000, 0.020777,
1.900000, -0.015162,
1.910000, -0.051121,
1.920000, -0.087103,
1.930000, -0.123108,
1.940000, -0.159139,
1.950000, -0.195198,
1.960000, -0.231286,
1.970000, -0.267406,
1.980000, -0.303557,
1.990000, -0.339743,
2.000000, -0.375966,
2.010000, -0.412225,
2.020000, -0.448524,
2.030000, -0.484864,
2.040000, -0.521246,
2.050000, -0.557672,
2.060000, -0.594143,
2.070000, -0.630662,
2.080000, -0.667229,
2.090000, -0.703846,
2.100000, -0.740515,
2.110000, -0.777237,
2.120000, -0.814013,
2.130000, -0.850846,
2.140000, -0.887735,
2.150000, -0.924684,
2.160000, -0.961693,
2.170000, -0.998763,
2.180000, -1.035897,
2.190000, -1.073094,
2.200000, -1.110358,
2.210000, -1.147688,
2.220000, -1.185087,
2.230000, -1.222555,
2.240000, -1.260095,
2.250000, -1.297706,
2.260000, -1.335392,
2.270000, -1.373152,
2.280000, -1.410988,
2.290000, -1.448901,
2.300000, -1.486893,
2.310000, -1.524964,
2.320000, -1.563116,
2.330000, -1.601351,
2.340000, -1.639668,
2.350000, -1.678070,
2.360000, -1.716558,
2.370000, -1.755132,
2.380000, -1.793794,
2.390000, -1.832545,
2.400000, -1.871386,
2.410000, -1.910319,
2.420000, -1.949343,
2.430000, -1.988461,
2.440000, -2.027673,
2.450000, -2.066980,
2.460000, -2.106384,
2.470000, -2.145886,
2.480000, -2.185485,
2.490000, -2.225185,
2.500000, -2.264985,
2.510000, -2.304886,
2.520000, -2.344890,
2.530000, -2.384997,
2.540000, -2.425209,
2.550000, -2.465526,
2.560000, -2.505950,
2.570000, -2.546480,
2.580000, -2.587119,
2.590000, -2.627867,
2.600000, -2.668725,
2.610000, -2.709693,
2.620000, -2.750774,
2.630000, -2.791967,
2.640000, -2.833273,
2.650000, -2.874694,
2.660000, -2.916231,
2.670000, -2.957883,
2.680000, -2.999652,
2.690000, -3.041539,
2.700000, -3.083544,
2.710000, -3.125669,
2.720000, -3.167914,
2.730000, -3.210280,
2.740000, -3.252767,
2.750000, -3.295377,
2.760000, -3.338111,
2.770000, -3.380968,
2.780000, -3.423950,
2.790000, -3.467058,
2.800000, -3.510292,
2.810000, -3.553653,
2.820000, -3.597142,
2.830000, -3.640759,
2.840000, -3.684506,
2.850000, -3.728382,
2.860000, -3.772389,
2.870000, -3.816527,
2.880000, -3.860798,
2.890000, -3.905201,
2.900000, -3.949737,
2.910000, -3.994407,
2.920000, -4.039212,
2.930000, -4.084152,
2.940000, -4.129228,
2.950000, -4.174440,
2.960000, -4.219790,
2.970000, -4.265277,
2.980000, -4.310903,
2.990000, -4.356668,
3.000000, -4.402573,
3.010000, -4.448618,
3.020000, -4.494803,
3.030000, -4.541131,
3.040000, -4.587600,
3.050000, -4.634212,
3.060000, -4.680967,
3.070000, -4.727865,
3.080000, -4.774908,
3.090000, -4.822096,
3.100000, -4.869429,
3.110000, -4.916909,
3.120000, -4.964534,
3.130000, -5.012307,
3.140000, -5.060227,
3.150000, -5.108295,
3.160000, -5.156512,
3.170000, -5.204878,
3.180000, -5.253394,
3.190000, -5.302059,
3.200000, -5.350875,
3.210000, -5.399843,
3.220000, -5.448962,
3.230000, -5.498233,
3.240000, -5.547656,
3.250000, -5.597232,
3.260000, -5.646962,
3.270000, -5.696846,
3.280000, -5.746884,
3.290000, -5.797077,
3.300000, -5.847426,
3.310000, -5.897930,
3.320000, -5.948590,
3.330000, -5.999407,
3.340000, -6.050381,
3.350000, -6.101513,
3.360000, -6.152802,
3.370000, -6.204250,
3.380000, -6.255856,
3.390000, -6.307621,
3.400000, -6.359546,
3.410000, -6.411631,
3.420000, -6.463877,
3.430000, -6.516283,
3.440000, -6.568850,
3.450000, -6.621579,
3.460000, -6.674470,
3.470000, -6.727523,
3.480000, -6.780738,
3.490000, -6.834117,
3.500000, -6.887659,
3.510000, -6.941365,
3.520000, -6.995235,
3.530000, -7.049269,
3.540000, -7.103468,
3.550000, -7.157833,
3.560000, -7.212363,
3.570000, -7.267058,
3.580000, -7.321920,
3.590000, -7.376949,
3.600000, -7.432144,
3.610000, -7.487507,
3.620000, -7.543037,
3.630000, -7.598735,
3.640000, -7.654602,
3.650000, -7.710636,
3.660000, -7.766840,
3.670000, -7.823212,
3.680000, -7.879755,
3.690000, -7.936466,
3.700000, -7.993348,
3.710000, -8.050400,
3.720000, -8.107623,
3.730000, -8.165017,
3.740000, -8.222582,
3.750000, -8.280318,
3.760000, -8.338227,
3.770000, -8.396307,
3.780000, -8.454559,
3.790000, -8.512985,
3.800000, -8.571583,
3.810000, -8.630354,
3.820000, -8.689299,
3.830000, -8.748417,
3.840000, -8.807709,
3.850000, -8.867176,
3.860000, -8.926817,
3.870000, -8.986633,
3.880000, -9.046623,
3.890000, -9.106789,
3.900000, -9.167130,
3.910000, -9.227647,
3.920000, -9.288340,
3.930000, -9.349210,
3.940000, -9.410255,
3.950000, -9.471478,
3.960000, -9.532877,
3.970000, -9.594453,
3.980000, -9.656207,
3.990000, -9.718138,
4.000000, -9.780247,
4.010000, -9.842534,
4.020000, -9.904999,
4.030000, -9.967643,
4.040000, -10.030465,
4.050000, -10.093467,
4.060000, -10.156647,
4.070000, -10.220007,
4.080000, -10.283546,
4.090000, -10.347265,
4.100000, -10.411164,
4.110000, -10.475243,
4.120000, -10.539502,
4.130000, -10.603942,
4.140000, -10.668562,
4.150000, -10.733363,
4.160000, -10.798346,
4.170000, -10.863509,
4.180000, -10.928855,
4.190000, -10.994381,
4.200000, -11.060090,
4.210000, -11.125980,
4.220000, -11.192053,
4.230000, -11.258308,
4.240000, -11.324746,
4.250000, -11.391367,
4.260000, -11.458170,
4.270000, -11.525156,
4.280000, -11.592326,
4.290000, -11.659679,
4.300000, -11.727215,
4.310000, -11.794935,
4.320000, -11.862839,
4.330000, -11.930928,
4.340000, -11.999200,
4.350000, -12.067657,
4.360000, -12.136298,
4.370000, -12.205124,
4.380000, -12.274134,
4.390000, -12.343330,
4.400000, -12.412711,
4.410000, -12.482277,
4.420000, -12.552028,
4.430000, -12.621965,
4.440000, -12.692088,
4.450000, -12.762396,
4.460000, -12.832891,
4.470000, -12.903572,
4.480000, -12.974438,
4.490000, -13.045492,
4.500000, -13.116732,
4.510000, -13.188158,
4.520000, -13.259772,
4.530000, -13.331572,
4.540000, -13.403559,
4.550000, -13.475734,
4.560000, -13.548095,
4.570000, -13.620645,
4.580000, -13.693382,
4.590000, -13.766306,
4.600000, -13.839418,
4.610000, -13.912719,
4.620000, -13.986207,
4.630000, -14.059884,
4.640000, -14.133748,
4.650000, -14.207802,
4.660000, -14.282043,
4.670000, -14.356474,
4.680000, -14.431093,
4.690000, -14.505901,
4.700000, -14.580898,
4.710000, -14.656084,
4.720000, -14.731459,
4.730000, -14.807024,
4.740000, -14.882778,
4.750000, -14.958721,
4.760000, -15.034854,
4.770000, -15.111177,
4.780000, -15.187690,
4.790000, -15.264392,
4.800000, -15.341285,
4.810000, -15.418368,
4.820000, -15.495641,
4.830000, -15.573104,
4.840000, -15.650757,
4.850000, -15.728602,
4.860000, -15.806636,
4.870000, -15.884862,
4.880000, -15.963278,
4.890000, -16.041885,
4.900000, -16.120684,
4.910000, -16.199673,
4.920000, -16.278853,
4.930000, -16.358225,
4.940000, -16.437788,
4.950000, -16.517542,
4.960000, -16.597488,
4.970000, -16.677625,
4.980000, -16.757954,
4.990000, -16.838475,
5.000000, -16.919188,
5.010000, -17.000092,
5.020000, -17.081189,
5.030000, -17.162478,
5.040000, -17.243958,
5.050000, -17.325631,
5.060000, -17.407497,
5.070000, -17.489554,
5.080000, -17.571805,
5.090000, -17.654247,
5.100000, -17.736883,
5.110000, -17.819711,
5.120000, -17.902732,
5.130000, -17.985945,
5.140000, -18.069352,
5.150000, -18.152951,
5.160000, -18.236744,
5.170000, -18.320729,
5.180000, -18.404908,
5.190000, -18.489280,
5.200000, -18.573845,
5.210000, -18.658604,
5.220000, -18.743556,
5.230000, -18.828702,
5.240000, -18.914041,
5.250000, -18.999574,
5.260000, -19.085301,
5.270000, -19.171221,
5.280000, -19.257335,
5.290000, -19.343644,
5.300000, -19.430146,
5.310000, -19.516842,
5.320000, -19.603732,
5.330000, -19.690816,
5.340000, -19.778094,
5.350000, -19.865567,
5.360000, -19.953234,
5.370000, -20.041095,
5.380000, -20.129151,
5.390000, -20.217401,
5.400000, -20.305846,
5.410000, -20.394485,
5.420000, -20.483319,
5.430000, -20.572348,
5.440000, -20.661571,
5.450000, -20.750990,
5.460000, -20.840603,
5.470000, -20.930411,
5.480000, -21.020413,
5.490000, -21.110611,
5.500000, -21.201004,
5.510000, -21.291592,
5.520000, -21.382375,
5.530000, -21.473354,
5.540000, -21.564527,
5.550000, -21.655896,
5.560000, -21.747460,
5.570000, -21.839220,
5.580000, -21.931175,
5.590000, -22.023326,
5.600000, -22.115672,
5.610000, -22.208213,
5.620000, -22.300950,
5.630000, -22.393883,
5.640000, -22.487012,
5.650000, -22.580336,
5.660000, -22.673856,
5.670000, -22.767572,
5.680000, -22.861483,
5.690000, -22.955591,
5.700000, -23.049895,
5.710000, -23.144394,
5.720000, -23.239090,
5.730000, -23.333981,
5.740000, -23.429069,
5.750000, -23.524353,
5.760000, -23.619833,
5.770000, -23.715509,
5.780000, -23.811382,
5.790000, -23.907451,
5.800000, -24.003716,
5.810000, -24.100177,
5.820000, -24.196835,
5.830000, -24.293690,
5.840000, -24.390741,
5.850000, -24.487988,
5.860000, -24.585432,
5.870000, -24.683072,
5.880000, -24.780909,
5.890000, -24.878943,
5.900000, -24.977174,
5.910000, -25.075601,
5.920000, -25.174225,
5.930000, -25.273045,
5.940000, -25.372063,
5.950000, -25.471277,
5.960000, -25.570688,
5.970000, -25.670296,
5.980000, -25.770101,
5.990000, -25.870103,
6.000000, -25.970302,
6.010000, -26.070698,
6.020000, -26.171291,
6.030000, -26.272081,
6.040000, -26.373069,
6.050000, -26.474253,
6.060000, -26.575634,
6.070000, -26.677213,
6.080000, -26.778989,
6.090000, -26.880962,
6.100000, -26.983133,
6.110000, -27.085501,
6.120000, -27.188066,
6.130000, -27.290828,
6.140000, -27.393788,
6.150000, -27.496946,
6.160000, -27.600300,
6.170000, -27.703853,
6.180000, -27.807602,
6.190000, -27.911550,
6.200000, -28.015694,
6.210000, -28.120037,
6.220000, -28.224577,
6.230000, -28.329314,
6.240000, -28.434249,
6.250000, -28.539382,
6.260000, -28.644713,
6.270000, -28.750241,
6.280000, -28.855967,
6.290000, -28.961891,
6.300000, -29.068012,
6.310000, -29.174331,
6.320000, -29.280849,
6.330000, -29.387563,
6.340000, -29.494476,
6.350000, -29.601587,
6.360000, -29.708896,
6.370000, -29.816402,
6.380000, -29.924107,
6.390000, -30.032009,
6.400000, -30.140109,
6.410000, -30.248408,
6.420000, -30.356904,
6.430000, -30.465599,
6.440000, -30.574491,
6.450000, -30.683582,
6.460000, -30.792871,
6.470000, -30.902357,
6.480000, -31.012042,
6.490000, -31.121926,
6.500000, -31.232007,
6.510000, -31.342286,
6.520000, -31.452764,
6.530000, -31.563440,
6.540000, -31.674314,
6.550000, -31.785387,
6.560000, -31.896658,
6.570000, -32.008127,
6.580000, -32.119794,
6.590000, -32.231660,
6.600000, -32.343724,
6.610000, -32.455986,
6.620000, -32.568447,
6.630000, -32.681106,
6.640000, -32.793964,
6.650000, -32.907020,
6.660000, -33.020275,
6.670000, -33.133728,
6.680000, -33.247379,
6.690000, -33.361229,
6.700000, -33.475278,
6.710000, -33.589525,
6.720000, -33.703970,
6.730000, -33.818614,
6.740000, -33.933457,
6.750000, -34.048498,
6.760000, -34.163738,
6.770000, -34.279176,
6.780000, -34.394813,
6.790000, -34.510649,
6.800000, -34.626683,
6.810000, -34.742916,
6.820000, -34.859348,
6.830000, -34.975978,
6.840000, -35.092807,
6.850000, -35.209835,
6.860000, -35.327062,
6.870000, -35.444487,
6.880000, -35.562111,
6.890000, -35.679934,
6.900000, -35.797955,
6.910000, -35.916176,
6.920000, -36.034595,
6.930000, -36.153213,
6.940000, -36.272030,
6.950000, -36.391045,
6.960000, -36.510260,
6.970000, -36.629673,
6.980000, -36.749285,
6.990000, -36.869096,
7.000000, -36.989106,
7.010000, -37.109315,
7.020000, -37.229723,
7.030000, -37.350330,
7.040000, -37.471135,
7.050000, -37.592140,
7.060000, -37.713344,
7.070000, -37.834746,
7.080000, -37.956348,
7.090000, -38.078148,
7.100000, -38.200148,
7.110000, -38.322346,
7.120000, -38.444744,
7.130000, -38.567340,
7.140000, -38.690136,
7.150000, -38.813131,
7.160000, -38.936324,
7.170000, -39.059717,
7.180000, -39.183309,
7.190000, -39.307100,
7.200000, -39.431090,
7.210000, -39.555279,
7.220000, -39.679668,
7.230000, -39.804255,
7.240000, -39.929041,
7.250000, -40.054027,
7.260000, -40.179212,
7.270000, -40.304596,
7.280000, -40.430179,
7.290000, -40.555961,
7.300000, -40.681943,
7.310000, -40.808123,
7.320000, -40.934503,
7.330000, -41.061082,
7.340000, -41.187861,
7.350000, -41.314838,
7.360000, -41.442015,
7.370000, -41.569391,
7.380000, -41.696966,
7.390000, -41.824741,
7.400000, -41.952714,
7.410000, -42.080887,
7.420000, -42.209260,
7.430000, -42.337831,
7.440000, -42.466602,
7.450000, -42.595572,
7.460000, -42.724741,
7.470000, -42.854110,
7.480000, -42.983678,
7.490000, -43.113446,
7.500000, -43.243412,
7.510000, -43.373578,
7.520000, -43.503944,
7.530000, -43.634509,
7.540000, -43.765273,
7.550000, -43.896236,
7.560000, -44.027399,
7.570000, -44.158761,
7.580000, -44.290323,
7.590000, -44.422084,
7.600000, -44.554044,
7.610000, -44.686204,
7.620000, -44.818563,
7.630000, -44.951122,
7.640000, -45.083880,
7.650000, -45.216837,
7.660000, -45.349994,
7.670000, -45.483350,
7.680000, -45.616906,
7.690000, -45.750661,
7.700000, -45.884616,
7.710000, -46.018770,
7.720000, -46.153123,
7.730000, -46.287676,
7.740000, -46.422429,
7.750000, -46.557381,
7.760000, -46.692532,
7.770000, -46.827883,
7.780000, -46.963433,
7.790000, -47.099183,
7.800000, -47.235133,
7.810000, -47.371282,
7.820000, -47.507630,
7.830000, -47.644178,
7.840000, -47.780926,
7.850000, -47.917873,
7.860000, -48.055019,
7.870000, -48.192365,
7.880000, -48.329911,
7.890000, -48.467656,
7.900000, -48.605601,
7.910000, -48.743745,
7.920000, -48.882089,
7.930000, -49.020632,
7.940000, -49.159375,
7.950000, -49.298318,
7.960000, -49.437460,
7.970000, -49.576802,
7.980000, -49.716343,
7.990000, -49.856084,
8.000000, -49.996024,
8.010000, -50.136164,
8.020000, -50.276504,
8.030000, -50.417043,
8.040000, -50.557782,
8.050000, -50.698720,
8.060000, -50.839859,
8.070000, -50.981196,
8.080000, -51.122734,
8.090000, -51.264471,
8.100000, -51.406407,
8.110000, -51.548544,
8.120000, -51.690879,
8.130000, -51.833415,
8.140000, -51.976150,
8.150000, -52.119085,
8.160000, -52.262219,
8.170000, -52.405554,
8.180000, -52.549087,
8.190000, -52.692821,
8.200000, -52.836754,
8.210000, -52.980887,
8.220000, -53.125219,
8.230000, -53.269751,
8.240000, -53.414483,
8.250000, -53.559415,
8.260000, -53.704546,
8.270000, -53.849877,
8.280000, -53.995407,
8.290000, -54.141138,
8.300000, -54.287068,
8.310000, -54.433197,
8.320000, -54.579527,
8.330000, -54.726056,
8.340000, -54.872785,
8.350000, -55.019713,
8.360000, -55.166841,
8.370000, -55.314169,
8.380000, -55.461697,
8.390000, -55.609424,
8.400000, -55.757351,
8.410000, -55.905478,
8.420000, -56.053805,
8.430000, -56.202331,
8.440000, -56.351057,
8.450000, -56.499983,
8.460000, -56.649109,
8.470000, -56.798434,
8.480000, -56.947959,
8.490000, -57.097684,
8.500000, -57.247608,
8.510000, -57.397733,
8.520000, -57.548057,
8.530000, -57.698580,
8.540000, -57.849304,
8.550000, -58.000227,
8.560000, -58.151350,
8.570000, -58.302673,
8.580000, -58.454196,
8.590000, -58.605918,
8.600000, -58.757841,
8.610000, -58.909963,
8.620000, -59.062284,
8.630000, -59.214806,
8.640000, -59.367527,
8.650000, -59.520448,
8.660000, -59.673569,
8.670000, -59.826890,
8.680000, -59.980411,
8.690000, -60.134131,
8.700000, -60.288051,
8.710000, -60.442171,
8.720000, -60.596491,
8.730000, -60.751010,
8.740000, -60.905729,
8.750000, -61.060648,
8.760000, -61.215767,
8.770000, -61.371086,
8.780000, -61.526605,
8.790000, -61.682323,
8.800000, -61.838241,
8.810000, -61.994359,
8.820000, -62.150677,
8.830000, -62.307195,
8.840000, -62.463912,
8.850000, -62.620829,
8.860000, -62.777947,
8.870000, -62.935263,
8.880000, -63.092780,
8.890000, -63.250497,
8.900000, -63.408413,
8.910000, -63.566530,
8.920000, -63.724846,
8.930000, -63.883362,
8.940000, -64.042078,
8.950000, -64.200993,
8.960000, -64.360109,
8.970000, -64.519424,
8.980000, -64.678939,
8.990000, -64.838654,
9.000000, -64.998569,
9.010000, -65.158684,
9.020000, -65.318998,
9.030000, -65.479513,
9.040000, -65.640227,
9.050000, -65.801141,
9.060000, -65.962255,
9.070000, -66.123569,
9.080000, -66.285083,
9.090000, -66.446797,
9.100000, -66.608710,
9.110000, -66.770823,
9.120000, -66.933137,
9.130000, -67.095650,
9.140000, -67.258363,
9.150000, -67.421275,
9.160000, -67.584388,
9.170000, -67.747701,
9.180000, -67.911213,
9.190000, -68.074925,
9.200000, -68.238838,
9.210000, -68.402950,
9.220000, -68.567262,
9.230000, -68.731773,
9.240000, -68.896485,
9.250000, -69.061397,
9.260000, -69.226508,
9.270000, -69.391820,
9.280000, -69.557331,
9.290000, -69.723042,
9.300000, -69.888953,
9.310000, -70.055064,
9.320000, -70.221375,
9.330000, -70.387885,
9.340000, -70.554596,
9.350000, -70.721506,
9.360000, -70.888617,
9.370000, -71.055927,
9.380000, -71.223437,
9.390000, -71.391147,
9.400000, -71.559057,
9.410000, -71.727167,
9.420000, -71.895477,
9.430000, -72.063987,
9.440000, -72.232696,
9.450000, -72.401606,
9.460000, -72.570715,
9.470000, -72.740025,
9.480000, -72.909534,
9.490000, -73.079243,
9.500000, -73.249152,
9.510000, -73.419261,
9.520000, -73.589570,
9.530000, -73.760078,
9.540000, -73.930787,
9.550000, -74.101696,
9.560000, -74.272804,
9.570000, -74.444113,
9.580000, -74.615621,
9.590000, -74.787329,
9.600000, -74.959237,
9.610000, -75.131345,
9.620000, -75.303653,
9.630000, -75.476161,
9.640000, -75.648869,
9.650000, -75.821777,
9.660000, -75.994885,
9.670000, -76.168192,
9.680000, -76.341700,
9.690000, -76.515407,
9.700000, -76.689315,
9.710000, -76.863422,
9.720000, -77.037729,
9.730000, -77.212236,
9.740000, -77.386944,
9.750000, -77.561851,
9.760000, -77.736958,
9.770000, -77.912264,
9.780000, -78.087771,
9.790000, -78.263478,
9.800000, -78.439385,
9.810000, -78.615491,
9.820000, -78.791798,
9.830000, -78.968304,
9.840000, -79.145011,
9.850000, -79.321917,
9.860000, -79.499023,
9.870000, -79.676330,
9.880000, -79.853836,
9.890000, -80.031542,
9.900000, -80.209448,
9.910000, -80.387554,
9.920000, -80.565860,
9.930000, -80.744366,
9.940000, -80.923072,
9.950000, -81.101977,
9.960000, -81.281083,
9.970000, -81.460389,
9.980000, -81.639894,
9.990000, -81.819600,
10.000000, -81.999505,
